sequential/simple_rnn/kernel:0
(1, 80)
[[ 0.10364955 -0.11358207  0.1555103  -0.22708572  0.08097874  0.2137813
  -0.02257656  0.25649515  0.07956171 -0.15271024 -0.00924898 -0.00145431
  -0.15209803 -0.22883895  0.14903934  0.17332074 -0.12145212 -0.01117487
   0.14578974  0.15260528  0.14947195 -0.1373156   0.15053357 -0.04010779
   0.05997406 -0.1267407   0.21643044  0.01536849 -0.08158664  0.02051473
   0.132827    0.03402318 -0.05254843 -0.23730677 -0.09053814 -0.05588796
   0.01834743  0.09021999 -0.01945792  0.0207511   0.22926544  0.00178469
  -0.23338005  0.15557322  0.03995101 -0.1013744  -0.08307825  0.12523033
   0.00979897  0.05337515 -0.20027493  0.06812327 -0.14002588 -0.10351773
   0.2376024  -0.183836   -0.23680432  0.2176535   0.01324837 -0.03187752
  -0.1885376   0.09747154  0.11634045 -0.11133561  0.14742415  0.21673952
   0.01071406  0.03852159 -0.12590183 -0.02140902  0.10090543  0.19092472
   0.10889816 -0.06325508  0.10523985 -0.0909245  -0.2353584  -0.10016014
  -0.2283405  -0.1708501 ]]
sequential/simple_rnn/recurrent_kernel:0
(80, 80)
[[-2.6847208e-01 -2.0451705e-01 -2.4861649e-02 ... -1.6791530e-01
  -6.3627057e-02  2.0077204e-02]
 [ 3.2097343e-02  4.6166025e-02 -9.4302192e-02 ... -2.2260913e-01
   5.2939977e-02  1.3720304e-01]
 [ 2.6243649e-02  2.5181860e-01 -2.0393507e-01 ...  1.9817840e-01
  -1.3048553e-02 -5.7911661e-02]
 ...
 [-6.1094340e-02  1.1516553e-01 -2.1279437e-04 ... -9.7208597e-02
   1.4880454e-02 -1.3511778e-01]
 [-7.8317165e-02  1.5650537e-03  1.8786322e-01 ... -8.9669071e-02
   1.1056141e-02 -1.2780921e-01]
 [ 1.3413487e-01 -1.2704600e-01  8.8277720e-02 ... -2.8110344e-02
   6.7353517e-02 -9.5844358e-02]]
sequential/simple_rnn/bias:0
(80,)
[-0.01308657 -0.01168242 -0.02072938 -0.0057201  -0.0200323  -0.0201322
 -0.00176863  0.00201701 -0.00573126  0.03200416  0.030179   -0.00488569
  0.01461097  0.02547285 -0.03180464 -0.02867611 -0.01387601  0.03731073
  0.01091434 -0.00812909 -0.01343612 -0.01359106 -0.02247249 -0.01943762
 -0.01085805 -0.01547581  0.00053723  0.03462393  0.04069359  0.01947455
 -0.01169366  0.01908905  0.00772106  0.00974357 -0.00385424 -0.02007091
  0.00274176 -0.00407173 -0.01209413  0.01184805 -0.00084545  0.05872873
  0.01461122  0.01371857  0.00841297  0.01791446  0.01644714 -0.02646254
 -0.01311251 -0.00292788 -0.00351365 -0.0003852   0.02965736 -0.00145112
 -0.01323413  0.01916272  0.01349771 -0.00989945  0.00022329  0.00125891
 -0.01731222 -0.00625714 -0.03954703 -0.00270323 -0.02118116 -0.00361706
  0.00534812 -0.00684246  0.00043349  0.02914136 -0.00300621 -0.00384836
 -0.01664509 -0.01836602 -0.01988816 -0.01173993  0.02239564  0.00463747
 -0.02174087  0.00635007]
sequential/simple_rnn_1/kernel:0
(80, 100)
[[-0.12358299  0.01101113 -0.02678422 ...  0.15617941  0.08661946
   0.13472295]
 [ 0.05856132  0.00793433  0.05891449 ...  0.02162476 -0.04162722
  -0.00331953]
 [-0.19182897  0.10498399 -0.1352392  ...  0.0702621  -0.13239376
   0.17322387]
 ...
 [ 0.0957505  -0.04253036 -0.0141681  ...  0.07401113  0.2148566
  -0.20450489]
 [ 0.08384541 -0.16937548  0.05456327 ...  0.03251496  0.20099008
  -0.16750988]
 [ 0.12285341 -0.17184868 -0.11133265 ...  0.11103678  0.13943887
  -0.19777441]]
sequential/simple_rnn_1/recurrent_kernel:0
(100, 100)
[[-0.10927779 -0.16070302  0.11701287 ... -0.03659986 -0.1628189
  -0.09888984]
 [ 0.01552243 -0.03051996 -0.00291294 ...  0.10742249  0.00303626
  -0.16591862]
 [ 0.08153342 -0.00339182  0.01150353 ... -0.09749226 -0.04905194
  -0.08238865]
 ...
 [ 0.07269926 -0.06948455 -0.01129006 ...  0.01864624 -0.02556271
  -0.00409903]
 [ 0.12488057 -0.00482348  0.04060064 ...  0.11493948 -0.03253083
  -0.07926821]
 [-0.06023557 -0.06299049  0.1012818  ... -0.02221856 -0.11645108
   0.00900056]]
sequential/simple_rnn_1/bias:0
(100,)
[-0.04557914  0.02821803 -0.04917052  0.0402791   0.0137471  -0.04364035
 -0.07090059  0.01469533 -0.02138238 -0.04336726 -0.04706221  0.05349743
  0.00655757 -0.04326912  0.00131031 -0.06337109  0.03174513  0.04429272
 -0.02248606 -0.04752178  0.06172474  0.03155003 -0.04220807  0.01762054
  0.04409532  0.05485496  0.054235   -0.05768673  0.02947727  0.01233632
 -0.05708854  0.06214948  0.01181671  0.05719448 -0.04048412  0.06139364
 -0.04454254  0.02407313  0.00385299  0.03378642  0.01843033  0.01804668
 -0.03524619 -0.02169476 -0.05112211 -0.0156551   0.07655279 -0.03986771
  0.05932889 -0.05336083  0.00375869  0.06107713 -0.03373863  0.02409936
  0.02835659 -0.05007169  0.00780524  0.07385596 -0.05089427 -0.03994316
  0.02024505 -0.0083137   0.0304391  -0.04471821  0.07155288  0.02172896
 -0.0523872  -0.04703548  0.06666109 -0.01942832  0.03760836  0.05633917
 -0.05469696  0.03536208  0.05676707  0.03686826 -0.05030859 -0.00594541
 -0.05564599 -0.091577    0.01052224 -0.07098851  0.00985433  0.03881076
 -0.0638428   0.03197979 -0.01533664 -0.04242752 -0.06115249  0.01767454
  0.05264466 -0.02678557  0.0469919   0.02922232 -0.0203828  -0.06624491
  0.06389946 -0.00349707 -0.06118966  0.03123101]
sequential/dense/kernel:0
(100, 1)
[[-0.5073701 ]
 [ 0.39611205]
 [-0.47167146]
 [ 0.29557872]
 [-0.20559579]
 [-0.3060788 ]
 [-0.46503738]
 [-0.5406531 ]
 [-0.39191228]
 [-0.41422656]
 [-0.46120483]
 [ 0.37130386]
 [ 0.37730786]
 [-0.4085367 ]
 [ 0.32993358]
 [-0.4353743 ]
 [ 0.47032055]
 [-0.46858224]
 [-0.418693  ]
 [-0.51221937]
 [ 0.477794  ]
 [-0.44889334]
 [-0.46858385]
 [ 0.46478283]
 [ 0.38362554]
 [ 0.49088573]
 [ 0.51833934]
 [-0.48191962]
 [ 0.49533144]
 [ 0.5035682 ]
 [-0.5167328 ]
 [ 0.4651304 ]
 [ 0.3776253 ]
 [ 0.49739438]
 [ 0.5151836 ]
 [ 0.45303285]
 [-0.4854714 ]
 [ 0.35731184]
 [ 0.45324695]
 [ 0.53218484]
 [ 0.41696432]
 [ 0.52393764]
 [-0.4999121 ]
 [-0.33396798]
 [-0.49624252]
 [-0.49480236]
 [ 0.3374198 ]
 [-0.345495  ]
 [ 0.4112045 ]
 [-0.46900734]
 [ 0.47957548]
 [ 0.40081018]
 [-0.49945733]
 [ 0.39689475]
 [ 0.5141402 ]
 [-0.3755697 ]
 [-0.50180703]
 [ 0.34206393]
 [-0.31957418]
 [ 0.4635121 ]
 [ 0.31957835]
 [-0.28027302]
 [ 0.28533733]
 [-0.4615659 ]
 [-0.45711827]
 [ 0.45923227]
 [-0.4126829 ]
 [-0.5116157 ]
 [ 0.31750286]
 [-0.45490122]
 [ 0.42726323]
 [-0.5065406 ]
 [-0.5292828 ]
 [ 0.394226  ]
 [ 0.35766432]
 [ 0.505555  ]
 [-0.45204663]
 [ 0.5455988 ]
 [-0.3771458 ]
 [ 0.49137837]
 [ 0.3894086 ]
 [-0.40584722]
 [ 0.43476146]
 [ 0.4025831 ]
 [-0.4699255 ]
 [-0.50578094]
 [-0.4868281 ]
 [-0.39133236]
 [-0.42892653]
 [ 0.49170503]
 [ 0.2929769 ]
 [ 0.49684235]
 [ 0.52074414]
 [-0.51589555]
 [-0.5382215 ]
 [-0.390908  ]
 [ 0.35606092]
 [-0.30847204]
 [-0.41344336]
 [ 0.503847  ]]
sequential/dense/bias:0
(1,)
[0.31832382]
