embedding/embeddings:0
(26, 2)
[[-0.07590405  0.06002384]
 [ 0.16675311 -0.15775421]
 [-0.07907303  0.1708695 ]
 [ 0.06848197 -0.05209524]
 [ 0.00709524 -0.15016651]
 [-0.12830184  0.1320598 ]
 [ 0.08016293 -0.15356953]
 [ 0.16459182  0.15825513]
 [ 0.07768957  0.11140729]
 [ 0.13928886  0.15337232]
 [ 0.04894041  0.08755569]
 [-0.08141463  0.11143324]
 [-0.09998821 -0.14103766]
 [ 0.00231483 -0.11202604]
 [-0.14851023  0.12090605]
 [-0.07583221  0.10738771]
 [-0.12943792 -0.16059706]
 [-0.14389281 -0.1376057 ]
 [ 0.11118433 -0.09848842]
 [-0.10882455  0.11824116]
 [ 0.16025656 -0.129001  ]
 [-0.15084729  0.15115622]
 [-0.09796119 -0.13992544]
 [-0.13848144 -0.08041994]
 [-0.10379353  0.0977798 ]
 [-0.0353582   0.01978463]]
simple_rnn/kernel:0
(2, 5)
[[-1.0168484   0.40725967  0.49098167  0.22178082  0.29143745]
 [-0.59588546 -0.4427606  -0.8367388   0.2744209  -1.0255656 ]]
simple_rnn/recurrent_kernel:0
(5, 5)
[[ 0.82512414  0.16247486 -0.36597604 -0.43425512  0.6900201 ]
 [-0.17789347  0.3745913  -0.76667386 -0.49860793 -0.5832182 ]
 [-0.6661098  -0.6738782  -0.5883893  -0.375145    0.20449792]
 [ 0.44835228 -0.67589176 -0.51535976  0.52546805 -0.5717137 ]
 [ 0.21495187 -0.5083793   0.25302702 -0.86482644 -0.5048448 ]]
simple_rnn/bias:0
(5,)
[ 0.06033892  0.00397317 -0.01668143  0.0283055   0.08605047]
dense/kernel:0
(5, 26)
[[-0.2878555   0.01450095  0.0541207  -0.07085325 -0.4465209   0.2997986
   0.09872942  0.02200165  0.18209872  0.05569581  0.3479809   0.31008035
  -0.37848687  0.3661024   0.5489687  -0.17767952  0.14377697 -0.30369267
  -0.37140435  0.5548941   0.3483128   0.35133982 -0.26592153 -0.23996842
  -0.12163085 -0.5211526 ]
 [ 0.14247675 -0.4009485  -0.10886297  0.4639695  -0.24408257 -0.05603389
  -0.56485367 -0.11403654 -0.27869222  0.06127837 -0.37806994 -0.32855642
   0.41556954 -0.47449964 -0.3008247   0.39065325  0.06719714  0.48848474
  -0.27362216  0.4630475  -0.52717763  0.1700511  -0.30853727  0.19457851
  -0.06547498  0.46440154]
 [ 0.5209894  -0.11102609  0.18706688  0.29137552 -0.50514585 -0.10142229
   0.10883151 -0.435777   -0.13358864 -0.25188187 -0.23610125 -0.21923177
  -0.2496895  -0.518075    0.38551435  0.09216116 -0.10170604  0.10408134
   0.28290942  0.23447703  0.10975529 -0.2208512   0.21552292 -0.00722321
   0.31505787 -0.33222625]
 [ 0.19495928 -0.5141992   0.14317712  0.01442542 -0.43377066  0.45590806
   0.2851758   0.36875412  0.30405676  0.31937167 -0.21251631 -0.03240453
  -0.26200446 -0.1893178  -0.08979948  0.3028019  -0.11010882 -0.29964033
  -0.03425872  0.39019686 -0.4766874  -0.38805175  0.52841234  0.30050182
   0.5015603   0.3566422 ]
 [-0.01045445 -0.12459903  0.3859908   0.14417984  0.25179833  0.54981387
  -0.0371516  -0.51132005 -0.42200124  0.2000595   0.5073197   0.02423762
  -0.01849571  0.42415488 -0.01869263  0.24054247  0.11122874  0.120106
  -0.30547974  0.5396353  -0.42933974 -0.0918202  -0.4978883  -0.5392298
   0.15689437 -0.49497822]]
dense/bias:0
(26,)
[ 0.11199413  0.0966759   0.10582449  0.10520428  0.1049505   0.10080527
  0.11109149  0.1122453   0.11157042  0.10970204  0.04776671  0.10305446
  0.11023249  0.04492882  0.09173625  0.10974976  0.10342315  0.10700112
  0.1135978  -0.00402638  0.09029671  0.08391456 -0.10544544 -0.10580707
 -0.1068583  -0.1053159 ]
